433 1 2 3 4 5 6 7 8 9 10 11 13 14 15 16 17 19 20 21 22 23 24 25 26 28 29 30 31 32 33 34 35 37 38 39 40 41 42 43 44 45 47 48 49 50 51 53 54 55 56 58 60 61 62 63 64 65 66 67 69 70 72 73 74 75 76 77 78 79 80 81 83 84 86 87 89 90 91 92 93 95 96 97 98 99 100 101 102 103 104 105 106 107 108 109 110 111 112 113 114 116 117 118 119 120 121 122 123 124 125 126 127 129 130 131 132 134 135 137 138 139 140 141 142 143 144 145 146 147 148 149 150 151 152 153 154 155 156 157 158 159 160 161 162 163 165 166 168 169 170 171 172 173 174 175 176 179 180 181 182 183 184 185 186 187 188 189 190 191 192 194 195 196 197 198 199 200 201 202 203 204 205 206 208 209 210 212 213 214 215 216 217 218 220 221 222 223 224 225 226 227 228 229 230 231 232 233 234 235 236 237 238 239 240 241 242 243 244 245 246 247 248 249 250 251 253 254 255 256 257 258 259 260 261 262 263 264 265 266 268 269 270 271 272 273 274 275 276 277 278 279 281 282 283 284 285 286 287 288 289 290 291 292 293 294 295 296 299 300 301 303 305 306 308 309 310 311 312 313 314 315 316 317 318 319 320 321 323 324 325 326 327 328 329 330 331 332 333 335 336 337 339 341 342 343 344 346 347 348 349 350 352 353 354 355 356 357 358 359 360 361 363 364 365 366 367 368 369 370 371 372 373 374 375 376 377 378 379 380 381 382 383 384 385 386 387 388 389 390 391 392 393 394 395 396 397 398 399 400 402 403 404 405 406 407 408 409 410 411 412 413 415 417 418 419 420 421 422 423 424 425 426 427 428 430 431 432 433 434 435 436 437 438 439 440 441 442 444 445 446 447 448 449 450 451 452 453 454 455 456 457 458 460 461 462 463 464 465 466 467 468 469 470 471 472 473 475 476 477 478 480 481 482
462
22 1 12 36 57 59 68 85 88 115 164 178 193 211 297 302 304 322 338 340 345 474 483
1 331
1 300
1 330
1 329
1 328
1 327
1 326
1 325
1 324
1 323
1 321
1 320
1 319
1 318
1 317
1 316
1 315
1 314
1 313
1 312
1 311
1 310
1 309
1 308
1 307
1 306
1 305
1 303
1 301
1 363
1 349
1 239
1 362
1 361
1 360
1 359
1 358
1 357
1 356
1 355
1 354
1 353
1 352
1 351
1 350
1 332
1 348
1 347
1 346
1 344
1 343
1 342
1 341
1 339
1 337
1 336
1 335
1 334
1 333
1 254
1 268
1 267
1 266
1 265
1 264
1 263
1 262
1 261
1 260
1 259
1 258
1 257
1 256
1 255
1 269
1 253
1 252
1 251
1 250
1 249
1 248
1 247
1 246
1 245
1 244
1 243
1 241
1 240
1 242
1 283
1 298
1 296
1 295
1 294
1 293
1 292
1 291
1 290
1 289
1 288
1 287
1 286
1 285
1 284
1 299
1 282
1 281
1 280
1 279
1 278
1 277
1 276
1 275
1 274
1 273
1 272
1 271
1 270
1 438
1 452
1 451
1 450
1 449
1 448
1 447
1 446
1 445
1 444
1 443
1 442
1 441
1 440
1 439
1 453
1 437
1 436
1 435
1 434
1 433
1 432
1 431
1 430
1 429
1 428
1 427
1 426
1 425
1 424
1 467
1 482
1 481
1 480
1 479
1 478
1 477
1 476
1 475
1 473
1 472
1 471
1 470
1 469
1 468
1 423
1 466
1 465
1 464
1 463
1 462
1 461
1 460
1 459
1 458
1 457
1 456
1 455
1 454
1 379
1 393
1 392
1 391
1 390
1 389
1 388
1 387
1 386
1 385
1 384
1 383
1 382
1 381
1 380
1 394
1 378
1 377
1 376
1 375
1 374
1 373
1 372
1 371
1 370
1 369
1 368
1 367
1 366
1 365
1 408
1 422
1 421
1 420
1 419
1 418
1 417
1 416
1 415
1 414
1 413
1 412
1 411
1 410
1 409
1 364
1 407
1 406
1 405
1 404
1 403
1 402
1 401
1 400
1 399
1 398
1 397
1 396
1 395
1 80
1 96
1 95
1 94
1 93
1 92
1 91
1 90
1 89
1 87
1 86
1 84
1 83
1 82
1 81
1 97
1 79
1 78
1 77
1 76
1 75
1 74
1 73
1 72
1 71
1 70
1 69
1 67
1 66
1 65
1 112
1 127
1 126
1 125
1 124
1 238
1 122
1 121
1 120
1 119
1 118
1 117
1 116
1 114
1 113
1 64
1 111
1 110
1 109
1 108
1 107
1 106
1 105
1 104
1 103
1 102
1 101
1 100
1 99
1 98
1 17
1 31
1 30
1 29
1 28
1 27
1 26
1 25
1 24
1 23
1 22
1 21
1 20
1 19
1 18
1 32
1 16
1 15
1 14
1 13
1 11
1 10
1 9
1 8
1 7
1 6
1 5
1 4
1 3
1 2
1 47
1 63
1 62
1 61
1 60
1 58
1 56
1 55
1 54
1 53
1 52
1 51
1 50
1 49
1 48
1 123
1 46
1 45
1 44
1 43
1 42
1 41
1 40
1 39
1 38
1 37
1 35
1 34
1 33
1 192
1 207
1 206
1 205
1 204
1 203
1 202
1 201
1 200
1 199
1 198
1 197
1 196
1 195
1 194
1 208
1 191
1 190
1 189
1 188
1 187
1 186
1 185
1 184
1 183
1 182
1 181
1 180
1 179
1 223
1 237
1 236
1 235
1 234
1 233
1 232
1 231
1 230
1 229
1 228
1 227
1 226
1 225
1 224
1 129
1 222
1 221
1 220
1 219
1 218
1 217
1 216
1 215
1 214
1 213
1 212
1 210
1 209
1 143
1 157
1 156
1 177
1 154
1 153
1 152
1 151
1 150
1 149
1 148
1 147
1 146
1 145
1 144
1 155
1 142
1 141
1 140
1 139
1 138
1 137
1 136
1 135
1 134
1 133
1 132
1 131
1 130
1 128
1 176
1 170
1 158
1 169
1 175
1 168
1 167
1 166
1 165
1 171
1 174
1 172
1 163
1 162
1 161
1 160
1 173
1 159

540 1 2 3 4 5 6 7 8 9 11 12 13 14 15 16 18 19 20 21 22 23 24 25 26 27 28 29 30 31 32 33 34 36 37 38 39 40 41 42 43 44 45 46 47 48 49 50 51 52 53 54 55 56 57 58 59 60 61 62 63 65 66 67 68 69 70 71 72 73 75 76 77 78 79 80 81 82 83 84 85 86 87 88 89 90 91 92 93 94 96 98 99 100 101 102 103 104 105 106 107 108 109 110 111 112 113 114 115 116 117 118 120 121 122 123 124 125 126 127 128 129 130 131 132 133 134 135 136 138 139 140 141 142 143 144 145 146 147 148 149 150 151 153 154 155 157 158 159 160 161 162 163 164 165 166 167 168 170 171 172 173 174 175 176 177 179 180 181 182 183 184 185 186 187 188 189 190 191 192 193 194 195 196 197 198 199 200 201 202 203 204 205 206 208 209 210 211 212 213 214 215 216 217 218 219 220 221 222 223 225 226 228 229 231 232 233 234 235 236 237 238 239 240 241 243 244 245 246 247 249 250 251 253 254 255 257 258 259 260 261 262 263 264 266 267 268 270 271 273 275 276 277 278 279 280 283 284 285 286 287 288 289 290 291 292 293 294 295 296 297 298 299 300 301 302 303 304 305 306 307 308 309 310 312 313 314 315 316 317 319 320 321 322 323 324 325 326 327 328 329 330 331 332 333 334 335 336 337 338 339 340 342 343 344 345 347 348 350 351 352 353 354 355 356 357 358 359 360 361 362 363 364 365 366 367 368 369 370 371 372 373 374 375 376 377 378 380 381 382 383 384 385 386 387 388 389 390 391 392 393 394 395 396 398 399 400 401 402 403 404 405 406 407 408 409 410 411 412 413 414 416 417 418 419 420 421 422 423 424 425 426 427 428 429 430 431 432 433 434 435 436 437 439 440 441 442 443 444 445 446 447 448 449 450 451 452 453 454 455 456 457 458 459 460 461 462 463 465 466 467 468 469 470 472 473 474 475 477 478 479 480 482 483 484 485 486 487 488 489 490 491 493 494 495 496 497 498 499 500 501 502 503 504 505 506 508 509 510 511 512 513 514 515 516 517 518 519 520 521 522 523 525 526 527 528 529 531 533 534 535 536 537 538 539 540 541 542 543 545 547 548 549 551 552 554 555 556 557 558 559 560 561 562 563 564 565 567 568 569 570 571 572 573 574 575 576 577 578 579 580 581 582 583 584 585 586 587 588 590 591
572
21 1 119 227 242 248 252 265 269 272 311 341 346 481 492 524 530 532 546 553 566 592
1 386
1 403
1 387
1 388
1 389
1 390
1 391
1 392
1 393
1 394
1 395
1 396
1 397
1 398
1 399
1 400
1 401
1 402
1 368
1 376
1 439
1 369
1 370
1 371
1 372
1 373
1 374
1 375
1 385
1 377
1 378
1 379
1 380
1 381
1 382
1 383
1 384
1 431
1 423
1 424
1 425
1 426
1 427
1 428
1 429
1 430
1 422
1 432
1 433
1 434
1 435
1 436
1 437
1 438
1 292
1 413
1 405
1 406
1 407
1 408
1 409
1 410
1 411
1 412
1 404
1 414
1 415
1 416
1 417
1 418
1 419
1 420
1 421
1 320
1 312
1 313
1 314
1 315
1 316
1 317
1 318
1 319
1 310
1 321
1 322
1 323
1 324
1 325
1 326
1 327
1 328
1 301
1 297
1 293
1 294
1 295
1 296
1 298
1 299
1 300
1 329
1 302
1 303
1 304
1 305
1 306
1 307
1 308
1 309
1 358
1 350
1 351
1 352
1 353
1 354
1 355
1 356
1 357
1 349
1 359
1 360
1 361
1 362
1 363
1 364
1 365
1 366
1 338
1 330
1 331
1 332
1 333
1 334
1 335
1 336
1 337
1 367
1 339
1 340
1 342
1 343
1 344
1 345
1 347
1 348
1 544
1 536
1 537
1 538
1 539
1 540
1 541
1 542
1 543
1 535
1 545
1 547
1 548
1 549
1 550
1 551
1 552
1 554
1 523
1 515
1 516
1 517
1 518
1 519
1 520
1 521
1 522
1 555
1 525
1 526
1 527
1 528
1 529
1 531
1 533
1 534
1 583
1 575
1 576
1 577
1 578
1 579
1 580
1 581
1 582
1 574
1 584
1 585
1 586
1 587
1 588
1 589
1 590
1 591
1 564
1 556
1 557
1 558
1 559
1 560
1 561
1 562
1 563
1 514
1 565
1 567
1 568
1 569
1 570
1 571
1 572
1 573
1 467
1 459
1 460
1 461
1 462
1 463
1 464
1 465
1 466
1 458
1 468
1 469
1 470
1 471
1 472
1 473
1 474
1 475
1 449
1 441
1 442
1 443
1 444
1 445
1 446
1 447
1 448
1 476
1 450
1 451
1 452
1 453
1 454
1 455
1 456
1 457
1 505
1 497
1 498
1 499
1 500
1 501
1 502
1 503
1 504
1 496
1 506
1 507
1 508
1 509
1 510
1 511
1 512
1 513
1 486
1 477
1 478
1 479
1 480
1 482
1 483
1 484
1 485
1 440
1 487
1 488
1 489
1 490
1 491
1 493
1 494
1 495
1 102
1 93
1 94
1 95
1 96
1 97
1 98
1 99
1 100
1 101
1 92
1 103
1 104
1 105
1 106
1 107
1 108
1 109
1 110
1 83
1 75
1 76
1 77
1 78
1 79
1 80
1 81
1 82
1 111
1 84
1 85
1 86
1 87
1 88
1 89
1 90
1 91
1 140
1 131
1 132
1 133
1 134
1 135
1 136
1 137
1 138
1 139
1 130
1 141
1 142
1 143
1 291
1 145
1 146
1 147
1 148
1 121
1 112
1 113
1 114
1 115
1 116
1 117
1 118
1 120
1 74
1 122
1 123
1 124
1 125
1 126
1 127
1 128
1 129
1 29
1 20
1 21
1 22
1 23
1 24
1 25
1 26
1 27
1 28
1 19
1 30
1 31
1 32
1 33
1 34
1 35
1 36
1 37
1 10
1 2
1 3
1 4
1 5
1 6
1 7
1 8
1 9
1 38
1 11
1 12
1 13
1 14
1 15
1 16
1 17
1 18
1 65
1 57
1 58
1 59
1 60
1 61
1 62
1 63
1 64
1 56
1 66
1 67
1 68
1 69
1 70
1 71
1 72
1 73
1 47
1 39
1 40
1 41
1 42
1 43
1 44
1 45
1 46
1 144
1 48
1 49
1 50
1 51
1 52
1 53
1 54
1 55
1 243
1 234
1 235
1 236
1 237
1 238
1 239
1 240
1 241
1 233
1 244
1 245
1 246
1 247
1 249
1 250
1 251
1 253
1 224
1 216
1 217
1 218
1 219
1 220
1 221
1 222
1 149
1 254
1 225
1 226
1 228
1 229
1 230
1 231
1 232
1 283
1 275
1 276
1 277
1 278
1 279
1 280
1 281
1 282
1 274
1 284
1 285
1 286
1 287
1 288
1 289
1 290
1 263
1 255
1 256
1 257
1 258
1 259
1 260
1 261
1 262
1 223
1 264
1 266
1 267
1 268
1 270
1 271
1 273
1 178
1 169
1 170
1 171
1 172
1 173
1 174
1 175
1 176
1 177
1 168
1 179
1 180
1 181
1 182
1 183
1 184
1 185
1 186
1 159
1 150
1 151
1 152
1 153
1 154
1 155
1 156
1 157
1 158
1 214
1 160
1 161
1 162
1 163
1 164
1 165
1 166
1 167
1 193
1 201
1 200
1 202
1 203
1 199
1 198
1 197
1 196
1 204
1 205
1 206
1 195
1 207
1 194
1 208
1 209
1 192
1 191
1 210
1 211
1 212
1 190
1 213
1 189
1 188
1 187
1 215

458 1 2 3 4 5 6 7 8 9 10 11 12 13 14 15 16 17 18 19 20 21 22 23 24 25 26 27 28 29 31 32 33 34 35 36 37 38 39 40 41 42 43 44 45 46 47 48 49 50 51 52 53 54 55 58 59 60 61 62 63 64 65 66 67 69 70 71 72 73 74 75 76 77 78 79 80 81 82 83 84 85 86 87 88 89 90 91 92 93 94 95 96 97 98 99 100 101 102 103 104 105 106 107 108 109 110 111 112 113 114 115 116 117 118 119 120 121 122 123 124 125 126 127 128 129 130 131 132 133 134 135 136 137 138 139 140 141 142 143 144 145 146 147 148 149 150 151 152 153 154 155 157 158 159 160 161 162 163 164 165 166 167 168 169 170 171 172 173 174 175 176 177 178 179 180 181 182 183 184 185 186 187 188 189 190 191 192 193 194 195 196 197 198 199 200 201 202 203 204 205 206 207 208 209 210 211 212 213 214 215 216 217 218 219 221 222 223 224 225 226 227 228 229 230 231 232 233 234 235 236 237 238 239 240 241 242 243 244 245 246 247 248 249 250 251 252 253 254 256 257 258 259 260 261 262 264 265 266 267 268 269 270 271 272 273 274 275 276 278 279 280 281 282 283 284 285 286 287 288 290 291 292 293 294 295 296 297 298 299 300 301 302 303 304 305 307 308 309 310 311 312 313 314 316 317 318 319 320 321 322 323 324 325 326 327 328 329 330 331 332 333 335 336 337 338 339 340 341 342 343 344 345 346 347 348 349 350 351 352 353 354 355 356 357 358 359 360 361 362 363 364 365 366 367 368 369 370 371 372 373 374 375 377 378 379 380 381 382 383 384 385 386 387 388 389 390 391 392 393 394 395 396 398 399 400 402 403 404 405 406 407 408 409 410 411 412 413 414 415 416 417 418 420 421 422 423 424 425 426 429 431 432 433 434 435 436 437 438 439 440 441 442 443 444 445 446 447 448 449 450 451 452 453 454 455 456 457 458 459 460 461 462 463 465 466 467 468 469 470 471 472 473 474 475 476 477 478 479
465
16 1 30 56 57 68 156 220 255 263 277 289 306 315 427 428 480
1 331
1 301
1 330
1 329
1 328
1 327
1 326
1 325
1 324
1 323
1 322
1 321
1 320
1 319
1 318
1 317
1 316
1 314
1 313
1 312
1 311
1 310
1 309
1 308
1 307
1 305
1 304
1 303
1 302
1 360
1 346
1 237
1 359
1 358
1 357
1 356
1 355
1 354
1 353
1 352
1 351
1 350
1 349
1 348
1 347
1 332
1 345
1 344
1 343
1 342
1 341
1 340
1 339
1 338
1 337
1 336
1 335
1 334
1 333
1 252
1 268
1 267
1 266
1 265
1 264
1 262
1 261
1 260
1 259
1 258
1 257
1 256
1 254
1 253
1 269
1 251
1 250
1 249
1 248
1 247
1 246
1 245
1 244
1 243
1 242
1 240
1 239
1 238
1 241
1 284
1 299
1 298
1 297
1 296
1 295
1 294
1 293
1 292
1 291
1 290
1 288
1 287
1 286
1 285
1 300
1 283
1 282
1 281
1 280
1 279
1 278
1 276
1 275
1 274
1 273
1 272
1 271
1 270
1 436
1 450
1 449
1 448
1 447
1 446
1 445
1 444
1 443
1 442
1 441
1 440
1 439
1 438
1 437
1 451
1 435
1 434
1 433
1 432
1 431
1 430
1 429
1 426
1 425
1 424
1 423
1 422
1 421
1 420
1 465
1 479
1 478
1 477
1 476
1 475
1 474
1 473
1 472
1 471
1 470
1 469
1 468
1 467
1 466
1 419
1 464
1 463
1 462
1 461
1 460
1 459
1 458
1 457
1 456
1 455
1 454
1 453
1 452
1 375
1 389
1 388
1 387
1 386
1 385
1 384
1 383
1 382
1 381
1 380
1 379
1 378
1 377
1 376
1 390
1 374
1 373
1 372
1 371
1 370
1 369
1 368
1 367
1 366
1 365
1 364
1 363
1 362
1 404
1 418
1 417
1 416
1 415
1 414
1 413
1 412
1 411
1 410
1 409
1 408
1 407
1 406
1 405
1 361
1 403
1 402
1 401
1 400
1 399
1 398
1 397
1 396
1 395
1 394
1 393
1 392
1 391
1 79
1 93
1 92
1 91
1 90
1 89
1 88
1 87
1 86
1 85
1 84
1 83
1 82
1 81
1 80
1 94
1 78
1 77
1 76
1 75
1 74
1 73
1 72
1 71
1 70
1 69
1 67
1 66
1 65
1 64
1 109
1 123
1 122
1 236
1 120
1 119
1 118
1 117
1 116
1 115
1 114
1 113
1 112
1 111
1 110
1 63
1 108
1 107
1 106
1 105
1 104
1 103
1 102
1 101
1 100
1 99
1 98
1 97
1 96
1 95
1 16
1 31
1 29
1 28
1 27
1 26
1 25
1 24
1 23
1 22
1 21
1 20
1 19
1 18
1 17
1 32
1 15
1 14
1 13
1 12
1 11
1 10
1 9
1 8
1 7
1 6
1 5
1 4
1 3
1 2
1 46
1 62
1 61
1 60
1 59
1 58
1 55
1 54
1 53
1 52
1 51
1 50
1 49
1 48
1 47
1 121
1 45
1 44
1 43
1 42
1 41
1 40
1 39
1 38
1 37
1 36
1 35
1 34
1 33
1 192
1 206
1 205
1 204
1 203
1 202
1 201
1 200
1 199
1 198
1 197
1 196
1 195
1 194
1 193
1 207
1 191
1 190
1 189
1 188
1 187
1 186
1 185
1 184
1 124
1 182
1 181
1 180
1 179
1 222
1 235
1 234
1 233
1 232
1 231
1 230
1 229
1 228
1 227
1 226
1 225
1 224
1 223
1 183
1 221
1 219
1 218
1 217
1 216
1 215
1 214
1 213
1 212
1 211
1 210
1 209
1 208
1 140
1 155
1 154
1 178
1 152
1 151
1 150
1 149
1 148
1 147
1 146
1 145
1 144
1 143
1 142
1 141
1 153
1 139
1 138
1 137
1 136
1 135
1 134
1 133
1 132
1 131
1 130
1 129
1 128
1 127
1 126
1 125
1 157
1 171
1 170
1 172
1 173
1 174
1 175
1 169
1 168
1 167
1 166
1 165
1 164
1 176
1 163
1 162
1 177
1 161
1 160
1 159
1 158

159 1 2 3 5 6 7 8 10 11 13 14 15 16 17 18 19 20 21 22 23 24 25 26 27 28 29 30 31 32 33 34 35 36 37 38 39 40 41 42 43 44 45 46 47 48 49 50 51 52 53 54 55 56 57 58 59 60 61 62 63 64 65 66 67 68 69 70 71 72 73 74 75 76 77 78 79 80 81 82 83 84 85 86 87 88 89 90 91 92 93 94 95 96 97 98 99 100 101 102 103 104 105 106 107 108 109 110 111 112 113 114 115 116 117 118 119 120 121 122 123 124 125 126 127 128 129 130 131 132 133 134 135 136 137 138 139 140 141 142 143 144 145 146 148 149 150 151 152 153 154 155 156 158 159 160 161 162 163 164
161
5 1 4 9 12 165
1 104
1 123
1 105
1 106
1 107
1 108
1 109
1 110
1 111
1 112
1 113
1 114
1 115
1 116
1 117
1 118
1 119
1 120
1 121
1 122
1 84
1 93
1 83
1 85
1 86
1 87
1 88
1 89
1 90
1 91
1 92
1 103
1 94
1 95
1 96
1 97
1 98
1 99
1 100
1 101
1 102
1 155
1 145
1 146
1 147
1 148
1 149
1 150
1 151
1 152
1 153
1 154
1 144
1 156
1 157
1 158
1 159
1 160
1 161
1 162
1 163
1 164
1 134
1 125
1 126
1 127
1 128
1 129
1 130
1 131
1 132
1 133
1 124
1 135
1 136
1 137
1 138
1 139
1 140
1 141
1 142
1 143
1 33
1 24
1 25
1 26
1 27
1 28
1 29
1 30
1 31
1 32
1 23
1 34
1 35
1 36
1 37
1 38
1 39
1 40
1 41
1 43
1 14
1 2
1 3
1 5
1 6
1 7
1 8
1 10
1 11
1 13
1 42
1 15
1 16
1 17
1 18
1 19
1 20
1 21
1 22
1 73
1 44
1 65
1 66
1 67
1 68
1 69
1 70
1 71
1 72
1 64
1 74
1 75
1 76
1 77
1 78
1 79
1 80
1 81
1 82
1 52
1 45
1 46
1 47
1 48
1 49
1 50
1 51
1 63
1 53
1 54
1 55
1 56
1 57
1 58
1 59
1 60
1 61
1 62

517 1 2 3 4 5 6 7 8 9 10 11 12 13 14 15 16 17 18 19 21 22 23 24 25 26 27 28 29 30 31 32 33 34 35 36 37 38 39 40 41 42 43 44 45 46 47 49 50 51 53 54 55 57 58 59 60 61 62 63 64 65 66 67 69 70 71 73 74 75 76 77 78 79 80 81 82 83 84 85 86 87 88 89 90 91 92 93 94 95 96 97 98 99 100 101 102 103 104 106 107 108 109 110 111 112 113 114 115 116 117 118 119 120 121 122 123 124 125 126 127 128 129 130 131 132 133 134 135 136 137 138 142 143 144 145 146 147 148 149 150 151 152 153 154 155 157 158 159 160 161 162 163 164 165 166 167 168 169 171 172 173 174 175 176 177 179 180 181 182 183 185 186 187 188 189 190 191 192 194 195 196 197 198 199 200 201 202 203 204 205 206 208 209 210 212 213 214 215 216 217 218 219 220 221 222 223 224 226 227 229 231 232 233 235 236 237 238 239 240 242 243 244 246 247 248 249 251 252 253 254 256 257 258 259 260 261 262 263 264 265 266 267 269 271 272 273 274 276 277 278 279 281 282 283 284 285 286 287 288 289 290 291 294 295 296 297 298 299 300 301 302 303 305 306 307 308 309 310 311 312 313 314 315 316 317 318 319 320 321 322 323 324 325 326 328 329 330 331 332 333 334 335 336 337 338 339 340 341 342 343 344 345 346 347 348 351 352 353 354 355 358 359 360 361 363 364 365 366 367 368 369 370 371 372 373 374 375 376 377 378 379 380 381 382 383 384 385 386 387 388 389 390 392 394 395 396 397 398 399 400 401 402 403 404 406 407 408 409 410 411 412 413 414 415 416 417 418 419 420 421 423 424 425 429 430 431 432 433 434 435 436 437 438 439 440 442 443 444 445 446 447 448 449 450 451 452 454 456 457 458 459 461 462 463 464 465 466 467 468 469 470 471 472 473 474 475 476 477 478 479 480 481 482 484 485 486 487 488 489 491 493 494 495 496 498 499 500 501 502 503 505 506 507 508 509 510 511 512 513 514 515 516 517 518 519 520 521 522 523 524 525 526 529 530 531 532 533 534 535 536 537 538 539 541 542 543 544 545 546 547 548 549 550 551 552 553 554 555 556 557 558 559 560 561 562 563 564 565 566 567 568 569 571 572 573 574 576
552
26 1 20 48 52 56 68 72 105 139 140 141 170 211 245 255 270 275 280 292 356 362 426 428 453 460 577
1 379
1 395
1 380
1 381
1 382
1 383
1 384
1 385
1 386
1 387
1 388
1 389
1 390
1 391
1 392
1 393
1 394
1 360
1 369
1 432
1 361
1 363
1 364
1 365
1 366
1 367
1 368
1 378
1 370
1 371
1 372
1 373
1 374
1 375
1 376
1 377
1 422
1 414
1 415
1 416
1 417
1 418
1 419
1 420
1 421
1 413
1 423
1 424
1 425
1 427
1 429
1 430
1 431
1 286
1 405
1 397
1 398
1 399
1 400
1 401
1 402
1 403
1 404
1 396
1 406
1 407
1 408
1 409
1 410
1 411
1 412
1 314
1 306
1 307
1 308
1 309
1 310
1 311
1 312
1 313
1 305
1 315
1 316
1 317
1 318
1 319
1 320
1 321
1 322
1 296
1 289
1 287
1 288
1 290
1 291
1 293
1 294
1 295
1 323
1 297
1 298
1 299
1 300
1 301
1 302
1 303
1 304
1 349
1 341
1 342
1 343
1 344
1 345
1 346
1 347
1 348
1 340
1 350
1 351
1 352
1 353
1 354
1 355
1 357
1 358
1 332
1 324
1 325
1 326
1 327
1 328
1 329
1 330
1 331
1 359
1 333
1 334
1 335
1 336
1 337
1 338
1 339
1 533
1 525
1 526
1 527
1 528
1 529
1 530
1 531
1 532
1 524
1 534
1 535
1 536
1 537
1 538
1 539
1 540
1 541
1 515
1 507
1 508
1 509
1 510
1 511
1 512
1 513
1 514
1 542
1 516
1 517
1 518
1 519
1 520
1 521
1 522
1 523
1 568
1 560
1 561
1 562
1 563
1 564
1 565
1 566
1 567
1 559
1 569
1 570
1 571
1 572
1 573
1 574
1 575
1 576
1 551
1 543
1 544
1 545
1 546
1 547
1 548
1 549
1 550
1 506
1 552
1 553
1 554
1 555
1 556
1 557
1 558
1 462
1 452
1 454
1 455
1 456
1 457
1 458
1 459
1 461
1 451
1 463
1 464
1 465
1 466
1 467
1 468
1 469
1 470
1 442
1 434
1 435
1 436
1 437
1 438
1 439
1 440
1 441
1 471
1 443
1 444
1 445
1 446
1 447
1 448
1 449
1 450
1 497
1 489
1 490
1 491
1 492
1 493
1 494
1 495
1 496
1 488
1 498
1 499
1 500
1 501
1 502
1 503
1 504
1 505
1 480
1 472
1 473
1 474
1 475
1 476
1 477
1 478
1 479
1 433
1 481
1 482
1 483
1 484
1 485
1 486
1 487
1 102
1 94
1 95
1 96
1 97
1 98
1 99
1 100
1 101
1 93
1 103
1 104
1 106
1 107
1 108
1 109
1 110
1 111
1 85
1 77
1 78
1 79
1 80
1 81
1 82
1 83
1 84
1 112
1 86
1 87
1 88
1 89
1 90
1 91
1 92
1 138
1 130
1 131
1 132
1 133
1 134
1 135
1 136
1 137
1 129
1 142
1 143
1 144
1 285
1 146
1 147
1 148
1 149
1 121
1 113
1 114
1 115
1 116
1 117
1 118
1 119
1 120
1 76
1 122
1 123
1 124
1 125
1 126
1 127
1 128
1 28
1 19
1 21
1 22
1 23
1 24
1 25
1 26
1 27
1 18
1 29
1 30
1 31
1 32
1 33
1 34
1 35
1 36
1 10
1 2
1 3
1 4
1 5
1 6
1 7
1 8
1 9
1 37
1 11
1 12
1 13
1 14
1 15
1 16
1 17
1 66
1 58
1 59
1 60
1 61
1 62
1 63
1 64
1 65
1 57
1 67
1 69
1 70
1 71
1 73
1 74
1 75
1 46
1 38
1 39
1 40
1 41
1 42
1 43
1 44
1 45
1 145
1 47
1 49
1 50
1 51
1 53
1 54
1 55
1 237
1 229
1 230
1 231
1 232
1 233
1 234
1 235
1 236
1 228
1 238
1 239
1 240
1 241
1 242
1 243
1 244
1 246
1 220
1 212
1 213
1 214
1 215
1 216
1 150
1 218
1 219
1 247
1 221
1 222
1 223
1 224
1 225
1 226
1 227
1 276
1 266
1 267
1 268
1 269
1 271
1 272
1 273
1 274
1 265
1 277
1 278
1 279
1 281
1 282
1 283
1 284
1 257
1 248
1 249
1 250
1 251
1 252
1 253
1 254
1 256
1 217
1 258
1 259
1 260
1 261
1 262
1 263
1 264
1 156
1 184
1 183
1 182
1 153
1 181
1 180
1 179
1 154
1 155
1 178
1 177
1 176
1 175
1 174
1 173
1 210
1 172
1 171
1 157
1 169
1 168
1 167
1 166
1 165
1 164
1 163
1 162
1 161
1 160
1 159
1 158
1 197
1 208
1 207
1 206
1 205
1 151
1 204
1 203
1 202
1 201
1 209
1 200
1 199
1 198
1 152
1 185
1 186
1 187
1 188
1 189
1 190
1 191
1 196
1 192
1 193
1 194
1 195

383 1 2 3 4 5 6 7 8 10 11 12 13 14 15 16 17 18 19 20 21 22 23 24 25 27 28 29 30 31 32 34 35 36 38 39 41 42 43 44 45 46 47 48 49 50 52 53 54 55 56 57 58 59 60 61 62 63 64 66 67 69 70 71 72 73 74 75 76 78 80 82 83 84 85 86 87 88 89 90 91 92 94 95 96 97 98 99 100 101 102 104 105 106 107 108 109 110 111 112 113 115 116 117 118 119 124 125 126 127 128 129 130 131 132 133 134 135 136 137 138 139 140 141 142 143 144 145 147 148 149 150 151 152 153 154 155 156 157 158 160 161 162 163 164 165 166 167 168 169 170 171 172 173 174 175 176 177 178 180 181 182 183 184 185 186 187 188 189 190 192 193 194 195 196 197 198 199 200 201 202 203 204 205 206 207 208 209 210 211 212 213 214 215 216 217 218 220 221 223 224 225 226 227 228 229 230 231 232 233 234 235 236 237 238 239 240 241 242 243 244 245 246 247 248 249 250 251 252 253 254 255 256 257 259 260 261 262 263 264 265 266 267 268 269 270 271 272 273 275 276 277 278 279 280 281 282 283 284 285 286 287 289 290 291 292 293 294 296 297 298 299 300 301 302 303 304 305 306 307 308 309 311 312 314 315 316 317 318 319 320 322 323 325 326 327 329 330 331 332 333 334 335 336 337 338 339 340 341 342 343 344 345 346 347 348 349 350 352 353 354 355 356 357 358 359 360 361 362 364 365 366 367 368 369 370 371 373 374 376 377 379 380 381 382 383 384 385 387 388 389 390 391 392 393 394 395 397 398 399 400 401 402 403 404 405 406 407 408 409 410 411 412 413 414 415 416 417 418 419 420 421 422 423
407
18 1 9 26 37 40 51 93 103 120 122 146 219 295 313 324 351 363 424
1 288
1 264
1 287
1 286
1 285
1 284
1 283
1 282
1 281
1 280
1 279
1 278
1 277
1 276
1 275
1 274
1 273
1 272
1 271
1 270
1 269
1 268
1 267
1 266
1 265
1 316
1 303
1 210
1 315
1 314
1 312
1 311
1 310
1 309
1 308
1 307
1 306
1 305
1 304
1 289
1 302
1 301
1 300
1 299
1 298
1 297
1 296
1 294
1 293
1 292
1 291
1 290
1 224
1 236
1 235
1 234
1 233
1 232
1 231
1 230
1 229
1 228
1 227
1 226
1 225
1 237
1 223
1 222
1 221
1 220
1 218
1 217
1 216
1 215
1 214
1 212
1 211
1 213
1 250
1 262
1 261
1 260
1 259
1 258
1 257
1 256
1 255
1 254
1 253
1 252
1 251
1 263
1 249
1 248
1 247
1 246
1 245
1 244
1 243
1 242
1 241
1 240
1 239
1 238
1 385
1 397
1 396
1 395
1 394
1 393
1 392
1 391
1 390
1 389
1 388
1 387
1 386
1 398
1 384
1 383
1 382
1 381
1 380
1 379
1 378
1 377
1 376
1 375
1 374
1 373
1 411
1 423
1 422
1 421
1 420
1 419
1 418
1 417
1 416
1 415
1 414
1 413
1 412
1 372
1 410
1 409
1 408
1 407
1 406
1 405
1 404
1 403
1 402
1 401
1 400
1 399
1 331
1 343
1 342
1 341
1 340
1 339
1 338
1 337
1 336
1 335
1 334
1 333
1 332
1 344
1 330
1 329
1 328
1 327
1 326
1 325
1 323
1 322
1 321
1 320
1 319
1 318
1 358
1 371
1 370
1 369
1 368
1 367
1 366
1 365
1 364
1 362
1 361
1 360
1 359
1 317
1 357
1 356
1 355
1 354
1 353
1 352
1 350
1 349
1 348
1 347
1 346
1 345
1 70
1 82
1 81
1 80
1 79
1 78
1 77
1 76
1 75
1 74
1 73
1 72
1 71
1 83
1 69
1 68
1 67
1 66
1 65
1 64
1 63
1 62
1 61
1 60
1 59
1 58
1 96
1 109
1 108
1 107
1 209
1 105
1 104
1 102
1 101
1 100
1 99
1 98
1 97
1 57
1 95
1 94
1 92
1 91
1 90
1 89
1 88
1 87
1 86
1 85
1 84
1 15
1 28
1 27
1 25
1 24
1 23
1 22
1 21
1 20
1 19
1 18
1 17
1 16
1 29
1 14
1 13
1 12
1 11
1 10
1 8
1 7
1 6
1 5
1 4
1 3
1 2
1 43
1 56
1 55
1 54
1 53
1 52
1 50
1 49
1 48
1 47
1 46
1 45
1 44
1 106
1 42
1 41
1 39
1 38
1 36
1 35
1 34
1 33
1 32
1 31
1 30
1 169
1 182
1 181
1 180
1 179
1 178
1 177
1 176
1 175
1 174
1 173
1 172
1 171
1 170
1 183
1 168
1 167
1 166
1 165
1 164
1 163
1 162
1 161
1 160
1 110
1 158
1 157
1 196
1 208
1 207
1 206
1 205
1 204
1 203
1 202
1 201
1 200
1 199
1 198
1 197
1 159
1 195
1 194
1 193
1 192
1 191
1 190
1 189
1 188
1 187
1 186
1 185
1 184
1 124
1 136
1 135
1 134
1 133
1 132
1 131
1 130
1 129
1 128
1 127
1 126
1 125
1 155
1 123
1 121
1 119
1 118
1 117
1 116
1 115
1 114
1 113
1 112
1 111
1 144
1 150
1 149
1 148
1 151
1 152
1 147
1 153
1 145
1 154
1 156
1 143
1 142
1 141
1 140
1 139
1 138
1 137

287 1 2 3 4 5 6 7 8 9 10 11 12 13 14 15 16 17 18 19 20 21 22 23 24 25 26 27 28 29 30 31 32 33 34 35 36 37 38 39 40 41 42 43 44 45 46 47 48 49 50 51 52 53 54 55 56 57 58 59 60 61 62 63 64 65 66 67 68 69 70 71 72 73 74 75 76 77 78 79 80 82 83 84 85 86 87 88 89 90 91 92 93 94 95 96 97 98 99 100 101 102 103 104 105 106 107 108 109 110 111 112 113 114 115 116 117 118 119 120 121 122 123 124 125 126 127 128 129 130 131 132 133 134 135 136 137 138 139 140 141 142 143 144 145 146 147 148 149 150 151 152 153 154 155 156 157 158 159 160 161 162 163 164 165 166 167 168 169 170 171 172 173 174 175 176 177 178 179 180 181 182 183 184 185 186 187 188 189 190 191 192 193 194 195 196 197 198 199 200 201 202 203 204 205 206 207 208 209 210 211 212 213 214 215 216 217 218 219 220 221 222 223 224 225 226 227 228 229 230 231 232 233 234 235 236 237 238 239 241 242 243 244 245 246 247 248 249 250 251 252 253 254 255 256 257 258 259 260 261 262 263 264 265 266 267 268 269 270 271 272 273 275 276 277 278 280 281 282 283 284 285 286 287 289 291 292 293
292
3 1 81 294
1 202
1 185
1 201
1 200
1 199
1 198
1 197
1 196
1 195
1 194
1 193
1 192
1 191
1 190
1 189
1 188
1 187
1 186
1 220
1 212
1 149
1 219
1 218
1 217
1 216
1 215
1 214
1 213
1 203
1 211
1 210
1 209
1 208
1 207
1 206
1 205
1 204
1 157
1 165
1 164
1 163
1 162
1 161
1 160
1 159
1 158
1 166
1 156
1 155
1 154
1 153
1 152
1 151
1 150
1 148
1 175
1 183
1 182
1 181
1 180
1 179
1 178
1 177
1 176
1 184
1 174
1 173
1 172
1 171
1 170
1 169
1 168
1 167
1 266
1 275
1 274
1 273
1 272
1 271
1 270
1 269
1 268
1 267
1 276
1 265
1 264
1 263
1 262
1 261
1 260
1 259
1 258
1 285
1 293
1 292
1 291
1 290
1 289
1 288
1 287
1 286
1 257
1 284
1 283
1 282
1 281
1 280
1 279
1 278
1 277
1 230
1 238
1 237
1 236
1 235
1 234
1 233
1 232
1 231
1 239
1 229
1 228
1 227
1 226
1 225
1 224
1 223
1 222
1 248
1 256
1 255
1 254
1 253
1 252
1 251
1 250
1 249
1 221
1 247
1 246
1 245
1 244
1 243
1 242
1 241
1 240
1 47
1 56
1 55
1 54
1 53
1 52
1 51
1 50
1 49
1 48
1 57
1 46
1 45
1 44
1 43
1 42
1 41
1 40
1 39
1 66
1 74
1 73
1 72
1 71
1 70
1 69
1 68
1 67
1 38
1 65
1 64
1 63
1 62
1 61
1 60
1 59
1 58
1 10
1 19
1 18
1 17
1 16
1 15
1 14
1 13
1 12
1 11
1 20
1 9
1 8
1 7
1 6
1 5
1 4
1 3
1 2
1 29
1 37
1 36
1 35
1 34
1 33
1 32
1 31
1 30
1 75
1 28
1 27
1 26
1 25
1 24
1 23
1 22
1 21
1 120
1 129
1 128
1 127
1 126
1 125
1 124
1 123
1 122
1 121
1 130
1 119
1 118
1 117
1 116
1 115
1 114
1 113
1 112
1 139
1 147
1 146
1 145
1 144
1 143
1 142
1 141
1 140
1 111
1 138
1 137
1 136
1 135
1 134
1 133
1 132
1 131
1 84
1 92
1 91
1 90
1 89
1 88
1 87
1 86
1 85
1 93
1 83
1 82
1 80
1 79
1 78
1 77
1 76
1 102
1 110
1 109
1 108
1 107
1 106
1 105
1 104
1 103
1 94
1 101
1 100
1 99
1 98
1 97
1 96
1 95

409 1 2 4 5 6 7 8 9 10 11 13 14 15 16 17 18 19 20 21 22 23 24 25 26 27 29 30 31 32 33 34 36 37 38 39 40 41 42 43 44 45 46 47 48 49 50 51 52 53 54 55 56 57 58 59 60 61 62 63 64 65 66 67 68 69 70 71 72 73 74 75 76 77 78 79 80 81 82 83 84 85 86 87 88 89 90 91 92 93 94 95 96 97 98 99 100 101 102 103 104 105 106 107 108 109 110 111 112 113 114 115 116 117 119 120 121 122 123 124 125 126 127 129 130 131 132 133 134 135 136 137 138 139 140 141 143 144 145 146 147 149 150 151 153 154 155 156 157 158 159 160 161 162 163 164 165 166 167 168 169 170 171 172 173 174 175 176 177 178 179 180 181 182 183 184 186 187 188 189 190 191 192 193 194 195 196 197 198 199 200 201 202 203 204 206 207 208 210 211 212 213 214 215 216 217 218 219 220 221 222 223 224 226 227 229 230 231 232 233 234 235 236 238 239 240 241 243 244 245 246 247 248 249 250 252 253 254 255 256 257 258 259 260 261 262 263 264 265 267 268 269 270 271 272 273 274 275 276 277 278 279 280 282 283 284 285 286 287 289 290 292 293 294 297 298 299 300 301 302 303 304 305 306 307 308 309 312 313 314 315 317 318 319 320 321 322 323 324 325 326 327 328 329 330 331 332 333 334 335 337 338 339 340 341 342 343 344 346 347 348 349 350 351 352 353 354 355 356 357 358 359 360 362 363 364 365 366 367 368 369 370 371 372 373 374 375 376 377 378 379 380 381 382 383 384 385 386 388 389 390 391 392 393 394 395 396 397 398 399 400 402 403 404 405 406 407 408 409 410 411 412 413 414 415 417 418 419 420 421 422 423 425 426 428 429 430 431 432 433 434 435 436 437 438 439 440 441 442 444
426
20 1 3 12 28 35 118 128 142 148 152 185 209 225 295 310 316 336 416 424 445
1 303
1 276
1 302
1 301
1 300
1 299
1 298
1 297
1 296
1 294
1 293
1 292
1 291
1 290
1 289
1 288
1 287
1 286
1 285
1 284
1 283
1 282
1 281
1 280
1 279
1 278
1 277
1 332
1 319
1 220
1 331
1 330
1 329
1 328
1 327
1 326
1 325
1 324
1 323
1 322
1 321
1 320
1 304
1 318
1 317
1 315
1 314
1 313
1 312
1 311
1 309
1 308
1 307
1 306
1 305
1 234
1 247
1 246
1 245
1 244
1 243
1 242
1 241
1 240
1 239
1 238
1 237
1 236
1 235
1 248
1 233
1 232
1 231
1 230
1 229
1 228
1 227
1 226
1 224
1 222
1 221
1 223
1 261
1 274
1 273
1 272
1 271
1 270
1 269
1 268
1 267
1 266
1 265
1 264
1 263
1 262
1 275
1 260
1 259
1 258
1 257
1 256
1 255
1 254
1 253
1 252
1 251
1 250
1 249
1 402
1 415
1 414
1 413
1 412
1 411
1 410
1 409
1 408
1 407
1 406
1 405
1 404
1 403
1 417
1 401
1 400
1 399
1 398
1 397
1 396
1 395
1 394
1 393
1 392
1 391
1 390
1 389
1 431
1 444
1 443
1 442
1 441
1 440
1 439
1 438
1 437
1 436
1 435
1 434
1 433
1 432
1 388
1 430
1 429
1 428
1 427
1 426
1 425
1 423
1 422
1 421
1 420
1 419
1 418
1 347
1 360
1 359
1 358
1 357
1 356
1 355
1 354
1 353
1 352
1 351
1 350
1 349
1 348
1 361
1 346
1 345
1 344
1 343
1 342
1 341
1 340
1 339
1 338
1 337
1 335
1 334
1 374
1 387
1 386
1 385
1 384
1 383
1 382
1 381
1 380
1 379
1 378
1 377
1 376
1 375
1 333
1 373
1 372
1 371
1 370
1 369
1 368
1 367
1 366
1 365
1 364
1 363
1 362
1 74
1 87
1 86
1 85
1 84
1 83
1 82
1 81
1 80
1 79
1 78
1 77
1 76
1 75
1 88
1 73
1 72
1 71
1 70
1 69
1 68
1 67
1 66
1 65
1 64
1 63
1 62
1 61
1 101
1 114
1 113
1 112
1 219
1 110
1 109
1 108
1 107
1 106
1 105
1 104
1 103
1 102
1 60
1 100
1 99
1 98
1 97
1 96
1 95
1 94
1 93
1 92
1 91
1 90
1 89
1 17
1 31
1 30
1 29
1 27
1 26
1 25
1 24
1 23
1 22
1 21
1 20
1 19
1 18
1 32
1 16
1 15
1 14
1 13
1 11
1 10
1 9
1 8
1 7
1 6
1 5
1 4
1 2
1 46
1 59
1 58
1 57
1 56
1 55
1 54
1 53
1 52
1 51
1 50
1 49
1 48
1 47
1 111
1 45
1 44
1 43
1 42
1 41
1 40
1 39
1 38
1 37
1 36
1 34
1 33
1 177
1 191
1 190
1 189
1 188
1 187
1 186
1 184
1 183
1 182
1 181
1 180
1 179
1 178
1 192
1 176
1 175
1 174
1 173
1 172
1 171
1 170
1 115
1 168
1 167
1 166
1 165
1 205
1 218
1 217
1 216
1 215
1 214
1 213
1 212
1 211
1 210
1 208
1 207
1 206
1 169
1 204
1 203
1 202
1 201
1 200
1 199
1 198
1 197
1 196
1 195
1 194
1 193
1 129
1 141
1 140
1 139
1 138
1 137
1 164
1 135
1 134
1 133
1 132
1 131
1 130
1 136
1 127
1 126
1 125
1 124
1 123
1 122
1 121
1 120
1 119
1 117
1 116
1 143
1 163
1 162
1 161
1 160
1 159
1 158
1 157
1 156
1 155
1 154
1 153
1 151
1 150
1 149
1 144
1 147
1 145
1 146

137 1 2 3 4 5 6 7 8 9 10 11 12 13 14 15 16 17 18 19 20 21 22 23 24 25 26 27 28 29 30 31 32 33 34 35 36 37 38 39 40 41 42 43 44 45 46 47 48 49 52 53 54 55 56 58 59 60 61 62 64 65 66 67 68 69 70 71 72 74 75 76 77 78 79 80 81 83 84 85 88 89 90 92 93 94 95 96 97 98 99 100 101 102 103 104 105 106 107 108 109 110 111 112 113 115 116 117 118 119 120 121 122 124 125 126 127 128 129 130 131 132 133 135 136 137 139 140 141 142 143 144 145 146 147 148 149 150
147
5 1 82 86 87 151
1 97
1 114
1 98
1 99
1 100
1 101
1 102
1 103
1 104
1 105
1 106
1 107
1 108
1 109
1 110
1 111
1 112
1 113
1 75
1 85
1 76
1 77
1 78
1 79
1 80
1 81
1 83
1 84
1 96
1 88
1 89
1 90
1 91
1 92
1 93
1 94
1 95
1 142
1 134
1 135
1 136
1 137
1 138
1 139
1 140
1 141
1 133
1 143
1 144
1 145
1 146
1 147
1 148
1 149
1 150
1 124
1 116
1 117
1 118
1 119
1 120
1 121
1 122
1 123
1 115
1 125
1 126
1 127
1 128
1 129
1 130
1 131
1 132
1 30
1 21
1 22
1 23
1 24
1 25
1 26
1 27
1 28
1 29
1 20
1 31
1 32
1 33
1 34
1 35
1 36
1 37
1 38
1 39
1 11
1 2
1 3
1 4
1 5
1 6
1 7
1 8
1 9
1 10
1 40
1 12
1 13
1 14
1 15
1 16
1 17
1 18
1 19
1 66
1 58
1 59
1 60
1 61
1 62
1 63
1 64
1 65
1 41
1 67
1 68
1 69
1 70
1 71
1 72
1 73
1 57
1 43
1 44
1 45
1 42
1 46
1 47
1 48
1 74
1 49
1 50
1 51
1 52
1 53
1 54
1 55
1 56

169 1 2 3 4 5 6 7 8 9 10 11 12 13 14 15 16 17 18 19 20 21 22 23 24 25 26 27 28 29 30 31 32 33 34 35 36 37 38 40 41 42 43 44 45 47 48 49 50 51 52 53 55 56 57 58 59 60 62 63 64 65 66 67 68 69 70 71 72 73 74 75 76 77 78 80 81 82 83 84 85 86 87 88 89 90 91 92 93 94 95 96 97 98 99 100 102 103 104 105 106 107 109 110 111 112 113 114 115 116 117 118 119 120 121 122 123 124 125 126 127 128 129 130 131 132 133 134 135 136 137 139 140 141 142 143 144 145 146 147 148 149 150 151 153 154 155 156 157 158 159 160 161 162 163 164 165 166 167 168 169 170 171 172 173 174 175 176 177 178
174
7 1 39 46 54 61 79 180
1 114
1 135
1 115
1 116
1 117
1 118
1 119
1 120
1 121
1 122
1 123
1 124
1 125
1 126
1 127
1 128
1 129
1 130
1 131
1 132
1 133
1 134
1 92
1 102
1 91
1 93
1 94
1 95
1 96
1 97
1 98
1 99
1 100
1 101
1 113
1 103
1 104
1 105
1 106
1 107
1 108
1 109
1 110
1 111
1 112
1 169
1 159
1 160
1 161
1 162
1 163
1 164
1 165
1 166
1 167
1 168
1 158
1 170
1 171
1 172
1 173
1 174
1 175
1 176
1 177
1 178
1 179
1 147
1 137
1 138
1 139
1 140
1 141
1 142
1 143
1 144
1 145
1 146
1 136
1 148
1 149
1 150
1 151
1 152
1 153
1 154
1 155
1 156
1 157
1 34
1 24
1 25
1 26
1 27
1 28
1 29
1 30
1 31
1 32
1 33
1 23
1 35
1 36
1 37
1 38
1 40
1 41
1 42
1 43
1 44
1 45
1 12
1 2
1 3
1 4
1 5
1 6
1 7
1 8
1 9
1 10
1 11
1 90
1 13
1 14
1 15
1 16
1 17
1 18
1 19
1 20
1 21
1 22
1 76
1 66
1 67
1 68
1 69
1 70
1 71
1 72
1 73
1 74
1 75
1 65
1 77
1 78
1 86
1 80
1 81
1 82
1 83
1 84
1 85
1 55
1 47
1 48
1 49
1 50
1 51
1 52
1 53
1 89
1 88
1 56
1 57
1 58
1 59
1 60
1 87
1 62
1 63
1 64

503 1 2 3 4 5 6 7 8 9 10 11 12 13 14 15 16 17 18 19 20 21 22 23 24 25 26 28 29 30 31 32 33 34 35 36 37 38 39 40 42 43 44 45 46 47 48 49 50 51 52 53 54 55 56 57 58 59 60 61 62 63 64 66 67 68 69 70 71 72 73 74 75 76 77 78 79 80 81 82 83 84 85 86 87 88 89 90 91 92 93 94 95 96 97 98 99 100 101 102 103 104 105 106 107 108 109 110 111 112 113 114 115 116 117 118 119 120 121 122 123 124 125 126 127 128 129 130 131 132 133 134 135 137 138 139 140 141 142 143 144 145 146 147 148 149 150 151 152 154 155 156 157 158 159 160 161 162 163 164 165 166 168 169 170 171 172 173 174 175 176 177 178 179 180 181 182 183 184 185 186 187 188 189 190 191 192 193 194 195 196 197 198 199 200 201 202 203 204 205 206 207 208 209 210 211 212 213 214 215 216 217 218 219 220 221 222 223 224 225 226 227 228 229 230 231 232 234 236 237 238 239 240 241 242 243 244 245 246 247 248 249 251 252 253 254 255 256 257 258 259 260 261 262 263 264 265 266 268 269 270 271 272 273 274 275 276 277 278 279 280 281 282 283 284 285 286 288 289 290 291 292 293 294 295 296 298 299 300 301 302 303 304 305 306 307 308 309 310 311 312 313 314 315 316 317 318 319 320 321 322 324 325 326 327 328 329 330 331 332 333 334 335 337 338 339 340 341 342 343 344 345 346 347 348 349 350 351 352 353 354 355 356 357 358 359 360 361 362 363 364 365 366 367 368 369 371 372 373 374 375 376 377 378 379 380 381 382 383 384 385 386 387 388 389 390 391 392 393 394 395 396 397 398 399 400 401 402 403 404 405 406 407 408 409 410 411 412 413 414 415 416 417 418 419 420 421 422 423 424 425 426 427 428 429 430 431 432 433 434 435 436 437 438 439 440 441 442 443 444 445 446 448 450 451 452 453 454 455 456 457 458 459 460 461 462 463 464 465 466 467 468 469 470 471 472 473 474 475 476 477 478 479 480 481 482 485 486 487 488 489 490 491 493 494 495 496 497 498 499 500 501 503 505 506 507 508 509 510 511 512 513 514 516 517 518 519 520 522 524 525 526 527 528
510
20 1 27 41 65 136 153 167 233 235 250 267 287 297 323 336 370 447 502 521 529
1 348
1 363
1 349
1 350
1 351
1 352
1 353
1 354
1 355
1 356
1 357
1 358
1 359
1 360
1 361
1 362
1 331
1 347
1 346
1 345
1 344
1 343
1 342
1 341
1 340
1 339
1 338
1 337
1 335
1 334
1 333
1 332
1 396
1 381
1 261
1 395
1 394
1 393
1 392
1 391
1 390
1 389
1 388
1 387
1 386
1 385
1 384
1 383
1 382
1 364
1 380
1 379
1 378
1 377
1 376
1 375
1 374
1 373
1 372
1 371
1 369
1 368
1 367
1 366
1 365
1 288
1 279
1 280
1 281
1 282
1 283
1 284
1 285
1 286
1 278
1 289
1 290
1 291
1 292
1 293
1 294
1 295
1 296
1 277
1 276
1 275
1 274
1 273
1 272
1 271
1 270
1 269
1 268
1 266
1 264
1 263
1 262
1 265
1 313
1 329
1 328
1 327
1 326
1 325
1 324
1 322
1 321
1 320
1 319
1 318
1 317
1 316
1 315
1 314
1 330
1 312
1 311
1 310
1 309
1 308
1 307
1 306
1 305
1 304
1 303
1 302
1 301
1 300
1 299
1 298
1 487
1 479
1 480
1 481
1 482
1 483
1 484
1 485
1 486
1 478
1 488
1 489
1 490
1 491
1 492
1 493
1 494
1 495
1 477
1 476
1 475
1 474
1 473
1 472
1 471
1 470
1 469
1 468
1 467
1 466
1 465
1 464
1 463
1 512
1 528
1 527
1 526
1 525
1 524
1 523
1 522
1 520
1 519
1 518
1 517
1 516
1 515
1 514
1 513
1 462
1 511
1 510
1 509
1 508
1 507
1 506
1 505
1 504
1 503
1 501
1 500
1 499
1 498
1 497
1 496
1 413
1 428
1 427
1 426
1 425
1 424
1 423
1 422
1 421
1 420
1 419
1 418
1 417
1 416
1 415
1 414
1 429
1 412
1 411
1 410
1 409
1 408
1 407
1 406
1 405
1 404
1 403
1 402
1 401
1 400
1 399
1 398
1 445
1 461
1 460
1 459
1 458
1 457
1 456
1 455
1 454
1 453
1 452
1 451
1 450
1 449
1 448
1 446
1 397
1 444
1 443
1 442
1 441
1 440
1 439
1 438
1 437
1 436
1 435
1 434
1 433
1 432
1 431
1 430
1 95
1 87
1 88
1 89
1 90
1 91
1 92
1 93
1 94
1 86
1 96
1 97
1 98
1 99
1 100
1 101
1 102
1 103
1 85
1 84
1 83
1 82
1 81
1 80
1 79
1 78
1 77
1 76
1 75
1 74
1 73
1 72
1 71
1 128
1 120
1 121
1 122
1 123
1 124
1 125
1 126
1 127
1 119
1 129
1 130
1 131
1 132
1 260
1 134
1 135
1 70
1 118
1 117
1 116
1 115
1 114
1 113
1 112
1 111
1 110
1 109
1 108
1 107
1 106
1 105
1 104
1 26
1 18
1 19
1 20
1 21
1 22
1 23
1 24
1 25
1 17
1 28
1 29
1 30
1 31
1 32
1 33
1 34
1 35
1 16
1 15
1 14
1 13
1 12
1 11
1 10
1 9
1 8
1 7
1 6
1 5
1 4
1 3
1 2
1 61
1 53
1 54
1 55
1 56
1 57
1 58
1 59
1 60
1 52
1 62
1 63
1 64
1 66
1 67
1 68
1 69
1 133
1 51
1 50
1 49
1 48
1 47
1 46
1 45
1 44
1 43
1 42
1 40
1 39
1 38
1 37
1 36
1 210
1 225
1 224
1 223
1 222
1 221
1 220
1 219
1 218
1 217
1 216
1 215
1 214
1 213
1 212
1 211
1 226
1 209
1 208
1 207
1 206
1 205
1 204
1 203
1 202
1 200
1 199
1 198
1 197
1 196
1 195
1 243
1 259
1 258
1 257
1 256
1 255
1 254
1 253
1 252
1 251
1 249
1 248
1 247
1 246
1 245
1 244
1 201
1 242
1 241
1 240
1 239
1 238
1 237
1 236
1 234
1 232
1 231
1 230
1 229
1 228
1 227
1 151
1 168
1 166
1 165
1 194
1 163
1 162
1 161
1 160
1 159
1 158
1 157
1 156
1 155
1 154
1 152
1 164
1 150
1 149
1 148
1 147
1 146
1 145
1 144
1 143
1 142
1 141
1 140
1 139
1 138
1 137
1 182
1 193
1 192
1 191
1 190
1 189
1 188
1 187
1 186
1 185
1 184
1 183
1 169
1 181
1 180
1 179
1 170
1 178
1 177
1 171
1 172
1 176
1 175
1 174
1 173

229 1 2 3 4 5 6 7 8 9 10 11 12 13 14 15 16 17 18 19 20 21 22 23 24 25 26 27 28 29 30 31 32 33 34 35 37 38 39 40 41 42 43 44 45 46 47 48 49 50 51 52 53 54 55 56 57 58 59 60 61 62 63 64 65 66 67 68 70 71 72 73 75 76 77 78 79 80 81 82 83 84 85 86 87 88 89 90 91 92 93 94 95 96 97 98 99 100 101 102 103 104 105 106 107 108 109 110 111 112 113 114 115 116 117 118 119 120 121 122 123 124 125 126 127 128 129 130 131 132 133 134 135 136 137 138 139 140 141 142 143 144 145 146 147 148 149 150 151 152 153 154 155 156 157 158 159 161 162 163 164 165 167 168 169 170 171 172 173 174 175 176 177 178 179 180 181 182 184 185 186 187 188 189 190 191 192 193 194 195 196 198 199 200 202 203 204 205 206 207 208 209 210 211 212 213 214 215 216 217 218 219 220 221 222 223 224 225 226 227 228 229 230 231 232 233 234 235 236 237
231
8 1 36 69 74 160 166 183 238
1 149
1 178
1 150
1 151
1 152
1 153
1 154
1 155
1 156
1 157
1 158
1 159
1 161
1 162
1 163
1 164
1 165
1 167
1 168
1 169
1 170
1 171
1 172
1 173
1 174
1 175
1 176
1 177
1 119
1 134
1 120
1 121
1 122
1 123
1 124
1 125
1 126
1 127
1 128
1 129
1 130
1 131
1 132
1 133
1 148
1 135
1 136
1 137
1 138
1 139
1 140
1 141
1 142
1 143
1 144
1 145
1 146
1 147
1 224
1 210
1 211
1 212
1 213
1 214
1 215
1 216
1 217
1 218
1 219
1 220
1 221
1 222
1 223
1 209
1 225
1 226
1 227
1 228
1 229
1 230
1 231
1 232
1 233
1 234
1 235
1 236
1 237
1 195
1 180
1 181
1 182
1 184
1 185
1 186
1 187
1 188
1 189
1 190
1 191
1 192
1 193
1 194
1 179
1 196
1 197
1 198
1 199
1 200
1 201
1 202
1 203
1 204
1 205
1 206
1 207
1 208
1 47
1 32
1 33
1 34
1 35
1 37
1 38
1 39
1 40
1 41
1 42
1 43
1 44
1 45
1 46
1 31
1 48
1 49
1 50
1 51
1 52
1 53
1 54
1 55
1 56
1 57
1 58
1 59
1 60
1 118
1 16
1 2
1 3
1 4
1 5
1 6
1 7
1 8
1 9
1 10
1 11
1 12
1 13
1 14
1 15
1 61
1 17
1 18
1 19
1 20
1 21
1 22
1 23
1 24
1 25
1 26
1 27
1 28
1 29
1 30
1 103
1 89
1 90
1 91
1 92
1 93
1 94
1 95
1 96
1 97
1 98
1 99
1 100
1 101
1 102
1 88
1 104
1 105
1 106
1 107
1 108
1 109
1 110
1 111
1 112
1 113
1 114
1 115
1 116
1 117
1 75
1 63
1 64
1 65
1 66
1 67
1 68
1 70
1 71
1 72
1 73
1 62
1 76
1 87
1 78
1 79
1 86
1 80
1 81
1 82
1 77
1 83
1 84
1 85

179 1 3 4 5 6 7 8 9 10 12 13 14 15 16 17 18 19 20 21 22 23 24 25 26 27 28 29 30 31 32 33 34 35 36 37 38 39 40 41 42 43 44 45 46 47 48 49 50 51 52 53 54 55 56 57 58 59 60 61 62 63 64 65 66 67 68 69 70 71 72 73 74 75 77 78 79 80 82 83 84 85 86 87 88 89 90 91 92 93 94 95 96 97 98 99 100 101 102 103 104 105 107 108 109 110 112 113 114 116 117 119 120 121 122 124 125 126 127 128 129 130 131 132 133 134 135 136 137 138 139 140 141 142 143 144 145 146 147 148 149 150 151 152 153 154 155 156 157 158 159 160 161 163 164 165 166 167 168 169 170 171 172 173 175 176 177 178 179 180 181 182 183 184 185 187 188 189 190 191
186
7 1 2 11 106 111 115 192
1 123
1 145
1 124
1 125
1 126
1 127
1 128
1 129
1 130
1 131
1 132
1 133
1 134
1 135
1 136
1 137
1 138
1 139
1 140
1 141
1 142
1 143
1 144
1 96
1 109
1 97
1 98
1 99
1 100
1 101
1 102
1 103
1 104
1 105
1 107
1 108
1 122
1 110
1 112
1 113
1 114
1 116
1 117
1 118
1 119
1 120
1 121
1 181
1 170
1 171
1 172
1 173
1 174
1 175
1 176
1 177
1 178
1 179
1 180
1 169
1 182
1 183
1 184
1 185
1 186
1 187
1 188
1 189
1 190
1 191
1 158
1 147
1 148
1 149
1 150
1 151
1 152
1 153
1 154
1 155
1 156
1 157
1 146
1 159
1 160
1 161
1 162
1 163
1 164
1 165
1 166
1 167
1 168
1 39
1 28
1 29
1 30
1 31
1 32
1 33
1 34
1 35
1 36
1 37
1 38
1 27
1 40
1 41
1 42
1 43
1 44
1 45
1 46
1 47
1 48
1 49
1 50
1 15
1 3
1 4
1 5
1 6
1 7
1 8
1 9
1 10
1 12
1 13
1 14
1 94
1 16
1 17
1 18
1 19
1 20
1 21
1 22
1 23
1 24
1 25
1 26
1 84
1 74
1 75
1 76
1 77
1 78
1 79
1 80
1 81
1 82
1 83
1 52
1 85
1 86
1 87
1 88
1 89
1 90
1 91
1 92
1 93
1 95
1 72
1 51
1 53
1 54
1 55
1 56
1 57
1 58
1 59
1 60
1 61
1 62
1 63
1 64
1 65
1 66
1 67
1 68
1 69
1 70
1 71
1 73

289 1 2 3 4 5 6 7 8 9 10 11 12 13 14 15 16 17 18 19 20 21 22 23 24 25 26 27 28 29 30 31 32 33 34 35 36 37 38 39 40 41 42 43 44 45 46 47 48 49 50 51 52 53 54 55 56 57 58 59 60 61 62 63 64 65 66 67 68 69 70 71 72 73 74 75 76 77 78 79 80 81 82 83 84 85 86 87 88 89 90 91 92 93 94 95 96 97 98 100 101 102 103 104 105 108 109 110 111 112 114 115 116 117 118 120 121 122 123 124 125 127 128 129 130 131 132 133 134 136 137 138 139 140 141 142 144 145 146 147 149 150 151 152 153 154 155 156 157 158 159 160 161 162 163 164 165 166 167 168 169 170 171 172 173 174 175 176 177 178 179 180 181 183 185 186 187 188 189 190 191 192 193 196 197 198 199 200 201 202 203 204 205 206 207 208 209 210 211 212 213 215 216 217 218 219 220 221 222 223 224 225 226 227 228 229 230 231 232 233 234 235 236 237 238 239 240 241 243 245 248 249 250 251 252 253 254 255 256 257 258 259 262 263 264 265 266 267 268 269 271 272 274 276 277 278 279 280 282 283 284 285 286 287 288 289 290 292 293 294 295 296 297 298 299 300 301 302 303 304 305 306 307 309 310 311 312 313 314 315
308
9 1 119 126 135 184 194 195 308 316
1 218
1 200
1 217
1 216
1 215
1 214
1 213
1 212
1 211
1 210
1 209
1 208
1 207
1 206
1 205
1 204
1 203
1 202
1 201
1 237
1 228
1 157
1 236
1 235
1 234
1 233
1 232
1 231
1 230
1 229
1 219
1 227
1 226
1 225
1 224
1 223
1 222
1 221
1 220
1 167
1 176
1 175
1 174
1 173
1 172
1 171
1 170
1 169
1 168
1 177
1 166
1 165
1 164
1 163
1 162
1 161
1 160
1 158
1 159
1 187
1 198
1 197
1 196
1 193
1 192
1 191
1 190
1 189
1 188
1 199
1 186
1 185
1 183
1 182
1 181
1 180
1 179
1 178
1 286
1 295
1 294
1 293
1 292
1 291
1 290
1 289
1 288
1 287
1 296
1 285
1 284
1 283
1 282
1 281
1 280
1 279
1 278
1 277
1 305
1 315
1 314
1 313
1 312
1 311
1 310
1 309
1 307
1 306
1 276
1 304
1 303
1 302
1 301
1 300
1 299
1 298
1 297
1 247
1 256
1 255
1 254
1 253
1 252
1 251
1 250
1 249
1 248
1 257
1 246
1 245
1 244
1 243
1 242
1 241
1 240
1 239
1 266
1 275
1 274
1 273
1 272
1 271
1 270
1 269
1 268
1 267
1 238
1 265
1 264
1 263
1 262
1 261
1 260
1 259
1 258
1 51
1 60
1 59
1 58
1 57
1 56
1 55
1 54
1 53
1 52
1 61
1 50
1 49
1 48
1 47
1 46
1 45
1 44
1 43
1 42
1 71
1 156
1 79
1 78
1 77
1 76
1 75
1 74
1 73
1 72
1 41
1 70
1 69
1 68
1 67
1 66
1 65
1 64
1 63
1 62
1 11
1 20
1 19
1 18
1 17
1 16
1 15
1 14
1 13
1 12
1 21
1 10
1 9
1 8
1 7
1 6
1 5
1 4
1 3
1 2
1 31
1 40
1 39
1 38
1 37
1 36
1 35
1 34
1 33
1 32
1 80
1 30
1 29
1 28
1 27
1 26
1 25
1 24
1 23
1 22
1 128
1 137
1 136
1 134
1 133
1 132
1 131
1 130
1 129
1 138
1 127
1 125
1 124
1 123
1 122
1 81
1 120
1 118
1 147
1 155
1 154
1 153
1 152
1 151
1 150
1 149
1 148
1 121
1 146
1 145
1 144
1 143
1 142
1 141
1 140
1 139
1 91
1 117
1 100
1 99
1 98
1 97
1 96
1 95
1 94
1 93
1 92
1 101
1 90
1 89
1 88
1 87
1 86
1 85
1 84
1 83
1 82
1 110
1 116
1 115
1 114
1 113
1 112
1 111
1 109
1 108
1 107
1 106
1 105
1 104
1 103
1 102

234 1 2 3 4 5 6 7 8 9 10 11 12 13 14 15 16 17 18 19 20 21 22 24 25 26 29 30 31 32 33 34 35 36 37 38 39 40 41 42 43 44 45 46 47 48 49 50 51 53 54 55 56 59 60 61 62 63 64 65 66 67 68 69 70 71 72 73 74 75 76 77 78 79 80 81 82 83 84 85 86 87 88 89 90 91 92 93 94 95 96 97 98 99 100 101 102 103 104 105 106 107 108 109 110 111 112 113 114 115 116 117 118 119 120 121 122 123 124 125 126 127 128 129 130 131 132 133 134 135 136 137 138 139 140 141 142 143 144 145 146 147 148 149 150 151 152 153 154 155 156 157 158 159 160 161 162 163 164 165 166 167 168 169 170 171 172 173 175 177 178 179 180 181 182 183 184 185 186 187 188 189 190 191 192 193 194 195 196 197 198 199 200 201 202 203 204 206 207 208 209 210 211 212 213 214 216 217 218 219 220 221 222 223 224 225 226 227 228 229 230 231 232 233 234 235 236 237 238 239 240 241 242 243 244
236
10 1 23 27 28 52 57 58 174 176 245
1 154
1 184
1 155
1 156
1 157
1 158
1 159
1 160
1 161
1 162
1 163
1 164
1 165
1 166
1 167
1 168
1 169
1 170
1 171
1 172
1 173
1 175
1 177
1 178
1 179
1 180
1 181
1 182
1 183
1 124
1 138
1 123
1 125
1 126
1 127
1 128
1 129
1 130
1 131
1 132
1 133
1 134
1 135
1 136
1 137
1 153
1 139
1 140
1 141
1 142
1 143
1 144
1 145
1 146
1 147
1 148
1 149
1 150
1 151
1 152
1 230
1 216
1 217
1 218
1 219
1 220
1 221
1 222
1 223
1 224
1 225
1 226
1 227
1 228
1 229
1 215
1 231
1 232
1 233
1 234
1 235
1 236
1 237
1 238
1 239
1 240
1 241
1 242
1 243
1 244
1 200
1 186
1 187
1 188
1 189
1 190
1 191
1 192
1 193
1 194
1 195
1 196
1 197
1 198
1 199
1 185
1 201
1 202
1 203
1 204
1 205
1 206
1 207
1 208
1 209
1 210
1 211
1 212
1 213
1 214
1 48
1 34
1 35
1 36
1 37
1 38
1 39
1 40
1 41
1 42
1 43
1 44
1 45
1 46
1 47
1 33
1 49
1 50
1 51
1 53
1 54
1 55
1 56
1 59
1 60
1 61
1 62
1 122
1 64
1 65
1 16
1 2
1 3
1 4
1 5
1 6
1 7
1 8
1 9
1 10
1 11
1 12
1 13
1 14
1 15
1 63
1 17
1 18
1 19
1 20
1 21
1 22
1 24
1 25
1 26
1 29
1 30
1 31
1 32
1 107
1 92
1 93
1 94
1 95
1 96
1 97
1 98
1 99
1 100
1 101
1 102
1 103
1 104
1 105
1 106
1 67
1 108
1 109
1 110
1 111
1 112
1 113
1 114
1 115
1 116
1 117
1 118
1 119
1 120
1 121
1 90
1 66
1 68
1 69
1 70
1 71
1 72
1 73
1 74
1 75
1 76
1 77
1 78
1 79
1 81
1 80
1 82
1 83
1 91
1 84
1 89
1 88
1 85
1 87
1 86

159 1 2 3 4 5 6 7 8 9 10 11 12 13 14 15 16 17 18 19 20 21 23 24 25 26 27 28 29 30 31 32 33 34 35 36 37 38 39 40 41 42 43 44 45 46 47 48 49 50 51 52 53 54 55 56 57 58 59 60 61 62 63 64 65 66 68 69 70 71 72 73 74 75 76 77 78 79 80 81 82 83 84 85 86 87 88 89 90 91 92 93 94 95 96 98 99 100 101 102 103 104 105 106 107 108 109 110 111 112 113 114 115 116 117 118 119 120 121 122 123 124 125 126 127 128 129 130 131 133 134 135 136 137 138 139 140 141 142 143 144 145 146 147 148 149 150 151 152 153 154 155 156 157 158 159 161 162 163 164
162
4 1 22 67 165
1 104
1 123
1 105
1 106
1 107
1 108
1 109
1 110
1 111
1 112
1 113
1 114
1 115
1 116
1 117
1 118
1 119
1 120
1 121
1 122
1 84
1 93
1 83
1 85
1 86
1 87
1 88
1 89
1 90
1 91
1 92
1 103
1 94
1 95
1 96
1 97
1 98
1 99
1 100
1 101
1 102
1 155
1 145
1 146
1 147
1 148
1 149
1 150
1 151
1 152
1 153
1 154
1 144
1 156
1 157
1 158
1 159
1 160
1 161
1 162
1 163
1 164
1 134
1 125
1 126
1 127
1 128
1 129
1 130
1 131
1 132
1 133
1 124
1 135
1 136
1 137
1 138
1 139
1 140
1 141
1 142
1 143
1 32
1 23
1 24
1 25
1 26
1 27
1 28
1 29
1 30
1 31
1 21
1 33
1 34
1 35
1 36
1 37
1 38
1 39
1 40
1 41
1 11
1 2
1 3
1 4
1 5
1 6
1 7
1 8
1 9
1 10
1 42
1 12
1 13
1 14
1 15
1 16
1 17
1 18
1 19
1 20
1 71
1 43
1 63
1 64
1 65
1 66
1 81
1 68
1 69
1 70
1 62
1 72
1 73
1 74
1 75
1 76
1 77
1 78
1 79
1 80
1 52
1 82
1 44
1 45
1 46
1 47
1 48
1 49
1 50
1 51
1 53
1 54
1 55
1 56
1 57
1 58
1 59
1 60
1 61

329 1 2 3 4 5 7 8 9 10 11 12 13 14 15 16 17 18 19 20 21 22 23 24 25 26 27 28 29 30 31 33 34 36 37 38 39 40 42 43 44 45 46 47 48 49 50 51 52 53 54 55 56 57 58 59 61 62 63 64 65 66 67 68 69 70 72 73 74 75 76 77 78 79 80 81 82 84 85 86 87 88 89 92 93 94 95 97 98 99 102 103 104 105 106 107 109 110 111 112 113 114 115 117 118 119 120 121 122 125 127 128 129 130 131 132 133 135 136 137 138 139 140 141 142 143 144 145 146 147 148 150 151 152 153 154 155 156 157 158 159 160 161 162 163 164 165 166 167 168 169 170 171 172 173 174 175 176 177 178 179 181 182 183 184 186 187 188 189 190 191 192 193 194 195 196 197 198 199 200 201 202 204 205 206 207 208 209 210 211 212 213 214 215 216 217 218 219 220 221 222 223 224 226 227 228 229 231 232 233 234 235 236 237 238 239 240 241 243 244 245 246 247 249 250 251 252 253 254 255 256 257 258 259 260 261 262 263 264 265 266 267 268 269 270 271 272 273 274 276 277 278 279 280 281 282 283 284 285 286 287 288 289 290 291 293 294 295 296 297 298 299 300 302 304 305 306 307 308 309 310 311 313 314 315 316 317 319 320 321 322 325 326 327 328 329 332 334 335 337 338 339 340 341 342 343 344 345 346 347 348 349 350 351 352 353 354 355 356 357 358 360 361 362 363 364 365 366 367 368
357
13 1 6 32 35 60 91 96 101 108 134 331 336 369
1 252
1 231
1 251
1 250
1 249
1 248
1 247
1 246
1 245
1 244
1 243
1 242
1 241
1 240
1 239
1 238
1 237
1 236
1 235
1 234
1 233
1 232
1 275
1 264
1 186
1 274
1 273
1 272
1 271
1 270
1 269
1 268
1 267
1 266
1 265
1 253
1 263
1 262
1 261
1 260
1 259
1 258
1 257
1 256
1 255
1 254
1 196
1 207
1 206
1 205
1 204
1 203
1 202
1 201
1 200
1 199
1 198
1 197
1 208
1 195
1 194
1 193
1 192
1 191
1 190
1 189
1 188
1 187
1 185
1 219
1 229
1 228
1 227
1 226
1 225
1 224
1 223
1 222
1 221
1 220
1 230
1 218
1 217
1 216
1 215
1 214
1 213
1 212
1 211
1 210
1 209
1 333
1 345
1 344
1 343
1 342
1 341
1 340
1 339
1 338
1 337
1 335
1 334
1 346
1 332
1 330
1 329
1 328
1 327
1 326
1 325
1 324
1 323
1 322
1 357
1 368
1 367
1 366
1 365
1 364
1 363
1 362
1 361
1 360
1 359
1 358
1 321
1 356
1 355
1 354
1 353
1 352
1 351
1 350
1 349
1 348
1 347
1 287
1 298
1 297
1 296
1 295
1 294
1 293
1 292
1 291
1 290
1 289
1 288
1 299
1 286
1 285
1 284
1 283
1 282
1 281
1 280
1 279
1 278
1 277
1 310
1 320
1 319
1 318
1 317
1 316
1 315
1 314
1 313
1 312
1 311
1 276
1 309
1 308
1 307
1 306
1 305
1 304
1 303
1 302
1 301
1 300
1 61
1 72
1 71
1 70
1 69
1 68
1 67
1 66
1 65
1 64
1 63
1 62
1 73
1 59
1 58
1 57
1 56
1 55
1 54
1 53
1 52
1 51
1 50
1 84
1 95
1 94
1 93
1 184
1 90
1 89
1 88
1 87
1 86
1 85
1 49
1 83
1 82
1 81
1 80
1 79
1 78
1 77
1 76
1 75
1 74
1 13
1 24
1 23
1 22
1 21
1 20
1 19
1 18
1 17
1 16
1 15
1 14
1 25
1 12
1 11
1 10
1 9
1 8
1 7
1 5
1 4
1 3
1 2
1 38
1 48
1 47
1 46
1 45
1 44
1 43
1 42
1 41
1 40
1 39
1 92
1 37
1 36
1 34
1 33
1 31
1 30
1 29
1 28
1 27
1 26
1 150
1 161
1 160
1 159
1 158
1 157
1 156
1 155
1 154
1 153
1 152
1 151
1 162
1 149
1 148
1 147
1 146
1 145
1 144
1 143
1 142
1 141
1 140
1 173
1 183
1 182
1 181
1 180
1 179
1 178
1 177
1 176
1 175
1 174
1 97
1 172
1 171
1 170
1 169
1 168
1 167
1 166
1 165
1 164
1 163
1 110
1 121
1 120
1 119
1 118
1 117
1 116
1 115
1 114
1 113
1 112
1 111
1 138
1 109
1 107
1 106
1 105
1 104
1 103
1 102
1 100
1 99
1 98
1 123
1 139
1 137
1 136
1 135
1 133
1 132
1 131
1 130
1 129
1 128
1 122
1 124
1 125
1 126
1 127

267 1 2 3 4 5 6 7 8 9 10 11 12 13 14 15 16 17 18 19 20 21 22 23 25 26 27 28 29 30 31 33 34 35 36 37 38 39 40 41 43 44 45 46 47 48 49 50 51 52 53 54 55 56 57 58 59 60 61 62 63 64 65 66 67 68 69 70 71 72 73 74 75 76 77 78 80 81 82 83 84 85 86 87 88 89 90 91 92 93 94 95 96 97 98 99 100 101 102 105 106 107 108 109 110 111 112 113 116 117 118 120 121 122 123 124 125 126 127 128 129 131 132 133 134 135 136 137 139 141 142 143 144 146 147 148 149 150 151 152 153 154 155 156 157 158 159 160 161 162 163 164 165 166 167 168 169 170 171 172 173 174 175 176 177 178 179 180 181 183 184 185 186 187 188 190 191 192 193 195 196 197 198 199 200 201 202 203 204 205 206 207 208 209 210 211 213 214 215 216 217 218 219 221 222 223 224 225 227 228 229 230 231 232 233 234 235 236 237 238 239 240 241 242 243 245 246 247 248 249 250 251 252 253 254 255 257 258 260 261 263 264 265 266 267 268 269 270 271 272 273 274 275 277 278 279 280 281 282 283 284 286 287 288 289 290 291 292
286
8 1 24 32 42 79 114 140 293
1 201
1 184
1 200
1 199
1 198
1 197
1 196
1 195
1 194
1 193
1 192
1 191
1 190
1 189
1 188
1 187
1 186
1 185
1 219
1 211
1 148
1 218
1 217
1 216
1 215
1 214
1 213
1 212
1 202
1 210
1 209
1 208
1 207
1 206
1 205
1 204
1 203
1 156
1 164
1 163
1 162
1 161
1 160
1 159
1 158
1 157
1 165
1 155
1 154
1 153
1 152
1 151
1 150
1 149
1 147
1 174
1 182
1 181
1 180
1 179
1 178
1 177
1 176
1 175
1 183
1 173
1 172
1 171
1 170
1 169
1 168
1 167
1 166
1 265
1 274
1 273
1 272
1 271
1 270
1 269
1 268
1 267
1 266
1 275
1 264
1 263
1 262
1 261
1 260
1 259
1 258
1 257
1 284
1 292
1 291
1 290
1 289
1 288
1 287
1 286
1 285
1 256
1 283
1 282
1 281
1 280
1 279
1 278
1 277
1 276
1 229
1 237
1 236
1 235
1 234
1 233
1 232
1 231
1 230
1 238
1 228
1 227
1 226
1 225
1 224
1 223
1 222
1 221
1 247
1 255
1 254
1 253
1 252
1 251
1 250
1 249
1 248
1 220
1 246
1 245
1 244
1 243
1 242
1 241
1 240
1 239
1 48
1 56
1 55
1 54
1 53
1 52
1 51
1 50
1 49
1 57
1 47
1 46
1 45
1 44
1 43
1 41
1 40
1 39
1 66
1 75
1 73
1 72
1 71
1 70
1 69
1 68
1 67
1 38
1 65
1 64
1 63
1 62
1 61
1 60
1 59
1 58
1 10
1 18
1 17
1 16
1 15
1 14
1 13
1 12
1 11
1 19
1 9
1 8
1 7
1 6
1 5
1 4
1 3
1 2
1 28
1 37
1 36
1 35
1 34
1 33
1 31
1 30
1 29
1 74
1 27
1 26
1 25
1 23
1 22
1 21
1 20
1 119
1 127
1 126
1 125
1 124
1 123
1 122
1 121
1 120
1 128
1 118
1 117
1 116
1 115
1 113
1 112
1 76
1 110
1 137
1 146
1 145
1 144
1 143
1 142
1 141
1 139
1 138
1 111
1 136
1 135
1 134
1 133
1 132
1 131
1 130
1 129
1 86
1 109
1 93
1 92
1 91
1 90
1 89
1 88
1 87
1 94
1 85
1 84
1 83
1 82
1 81
1 80
1 78
1 77
1 102
1 107
1 108
1 106
1 105
1 104
1 103
1 101
1 100
1 99
1 98
1 97
1 95
1 96

97 1 2 3 4 5 6 7 8 9 10 11 12 13 14 15 16 17 18 19 20 21 22 23 24 25 26 27 28 29 30 31 32 33 34 35 36 37 38 39 40 41 42 43 44 45 46 47 48 49 50 51 52 53 54 55 56 57 58 59 60 61 62 63 64 66 67 68 69 70 71 72 73 74 75 76 77 78 79 80 81 82 83 84 85 86 87 88 89 90 91 93 94 95 96 97 98 100
99
3 1 92 101
1 75
1 52
1 74
1 73
1 72
1 71
1 70
1 69
1 68
1 67
1 66
1 65
1 64
1 63
1 62
1 61
1 60
1 59
1 58
1 57
1 56
1 55
1 54
1 53
1 51
1 88
1 100
1 99
1 98
1 97
1 96
1 95
1 94
1 93
1 91
1 90
1 89
1 76
1 87
1 86
1 85
1 84
1 83
1 82
1 81
1 80
1 79
1 78
1 77
1 13
1 25
1 24
1 23
1 22
1 21
1 20
1 19
1 18
1 17
1 16
1 15
1 14
1 26
1 12
1 11
1 10
1 9
1 8
1 7
1 6
1 5
1 4
1 3
1 2
1 39
1 50
1 49
1 48
1 47
1 46
1 45
1 44
1 43
1 42
1 41
1 40
1 38
1 37
1 36
1 35
1 34
1 33
1 32
1 31
1 30
1 29
1 28
1 27

454 1 2 3 4 5 6 7 8 9 10 11 12 13 14 15 16 17 18 19 21 22 23 24 25 26 27 28 30 31 32 33 34 35 36 37 38 39 40 41 42 43 44 45 46 47 48 49 50 51 52 53 55 56 57 58 59 60 61 62 63 64 65 66 67 68 69 70 71 72 73 74 75 76 77 78 79 80 81 82 83 84 85 86 87 88 89 90 91 92 93 95 96 97 98 100 101 103 104 105 106 107 108 109 110 111 112 113 114 115 116 117 118 119 120 121 122 124 125 126 127 128 129 130 131 132 133 134 135 136 137 138 139 140 141 142 143 144 145 146 147 148 149 150 151 152 153 154 155 156 157 158 159 160 161 162 163 164 165 166 167 168 169 170 171 173 174 175 176 177 178 179 180 181 182 183 184 185 186 187 188 189 190 191 192 193 194 195 196 197 198 199 200 201 202 203 204 205 206 207 208 209 210 211 212 213 214 215 217 218 219 220 221 222 223 224 225 226 227 228 229 230 232 233 234 235 236 237 238 239 241 242 243 244 245 246 247 248 249 250 251 252 253 254 255 257 258 259 260 261 262 263 264 265 266 268 269 270 271 272 273 274 275 276 277 278 279 280 282 283 284 285 286 287 288 289 290 291 292 293 294 295 296 297 298 299 300 301 303 304 305 306 307 308 309 310 311 312 313 314 315 316 317 318 319 320 321 322 323 325 326 327 328 329 330 331 332 333 335 336 337 338 339 341 342 343 344 345 346 347 348 349 350 351 353 354 355 356 357 358 359 360 361 362 363 364 365 366 367 368 369 370 371 372 373 374 375 376 377 378 380 381 383 384 385 386 387 389 390 391 392 393 394 395 396 397 398 399 400 401 402 403 404 405 406 407 408 409 410 411 412 413 415 417 418 419 420 421 422 423 424 425 426 427 428 429 430 431 432 433 434 435 436 437 438 440 441 442 443 444 446 448 449 450 451 452 453 454 455 457 458 459 460 461 463 464 465 467 468 469 470 471 473 474 475 476 477 478 479 480 483 484 485 486 487
466
23 1 20 29 54 94 99 102 123 172 216 231 240 256 267 281 302 324 334 352 439 462 472 488
1 335
1 305
1 333
1 332
1 331
1 330
1 329
1 328
1 327
1 326
1 325
1 323
1 322
1 321
1 320
1 319
1 318
1 317
1 316
1 315
1 314
1 313
1 312
1 311
1 310
1 309
1 308
1 307
1 306
1 366
1 351
1 241
1 365
1 364
1 363
1 362
1 361
1 360
1 359
1 358
1 357
1 356
1 355
1 354
1 353
1 336
1 350
1 349
1 348
1 347
1 346
1 345
1 344
1 343
1 342
1 341
1 340
1 339
1 338
1 337
1 257
1 272
1 271
1 270
1 269
1 268
1 266
1 265
1 264
1 263
1 262
1 261
1 260
1 259
1 258
1 273
1 255
1 254
1 253
1 252
1 251
1 250
1 249
1 248
1 247
1 246
1 244
1 243
1 242
1 245
1 288
1 303
1 301
1 300
1 299
1 298
1 297
1 296
1 295
1 294
1 293
1 292
1 291
1 290
1 289
1 304
1 287
1 286
1 285
1 284
1 283
1 282
1 280
1 279
1 278
1 277
1 276
1 275
1 274
1 442
1 456
1 455
1 454
1 453
1 452
1 451
1 450
1 449
1 448
1 447
1 446
1 445
1 444
1 443
1 457
1 441
1 440
1 438
1 437
1 436
1 435
1 434
1 433
1 432
1 431
1 430
1 429
1 428
1 427
1 473
1 487
1 486
1 485
1 484
1 483
1 482
1 481
1 480
1 479
1 478
1 477
1 476
1 475
1 474
1 426
1 471
1 470
1 469
1 468
1 467
1 466
1 465
1 464
1 463
1 461
1 460
1 459
1 458
1 382
1 396
1 395
1 394
1 393
1 392
1 391
1 390
1 389
1 388
1 387
1 386
1 385
1 384
1 383
1 397
1 381
1 380
1 379
1 378
1 377
1 376
1 375
1 374
1 373
1 372
1 371
1 370
1 369
1 368
1 411
1 425
1 424
1 423
1 422
1 421
1 420
1 419
1 418
1 417
1 416
1 415
1 414
1 413
1 412
1 367
1 410
1 409
1 408
1 407
1 406
1 405
1 404
1 403
1 402
1 401
1 400
1 399
1 398
1 90
1 104
1 103
1 14
1 101
1 100
1 15
1 98
1 97
1 96
1 95
1 16
1 93
1 92
1 91
1 105
1 89
1 88
1 87
1 86
1 85
1 84
1 83
1 82
1 81
1 80
1 79
1 78
1 77
1 119
1 132
1 131
1 130
1 129
1 128
1 127
1 126
1 125
1 124
1 239
1 122
1 121
1 120
1 76
1 118
1 117
1 116
1 115
1 114
1 113
1 112
1 111
1 110
1 109
1 108
1 107
1 106
1 33
1 47
1 46
1 45
1 44
1 43
1 42
1 41
1 40
1 39
1 38
1 37
1 36
1 35
1 34
1 48
1 32
1 31
1 30
1 18
1 28
1 27
1 19
1 26
1 25
1 24
1 23
1 22
1 21
1 62
1 75
1 74
1 73
1 72
1 71
1 70
1 69
1 68
1 67
1 66
1 65
1 64
1 63
1 133
1 61
1 60
1 59
1 58
1 57
1 56
1 55
1 17
1 53
1 52
1 51
1 50
1 49
1 200
1 213
1 212
1 211
1 210
1 209
1 208
1 207
1 206
1 205
1 204
1 203
1 202
1 8
1 201
1 214
1 199
1 198
1 197
1 196
1 195
1 194
1 193
1 192
1 191
1 190
1 189
1 188
1 134
1 226
1 2
1 238
1 237
1 236
1 235
1 3
1 234
1 233
1 232
1 4
1 230
1 229
1 228
1 227
1 187
1 225
1 5
1 224
1 223
1 222
1 221
1 220
1 219
1 218
1 217
1 6
1 215
1 7
1 147
1 160
1 159
1 158
1 157
1 156
1 155
1 154
1 153
1 152
1 12
1 151
1 150
1 149
1 148
1 185
1 146
1 145
1 144
1 143
1 142
1 141
1 140
1 139
1 138
1 137
1 136
1 135
1 13
1 11
1 186
1 184
1 183
1 182
1 9
1 181
1 180
1 179
1 178
1 177
1 176
1 175
1 174
1 173
1 10
1 171
1 170
1 169
1 168
1 167
1 166
1 165
1 164
1 163
1 162
1 161

